[detector definitions]

START #0
alias = detector1
number_of_channels = 1
type = reset
type_value = 10.000
channel0_gain = 1.700000
channel0_polarity = +
END #0

[firmware definitions]

START #0
alias = firmware1
filename = saturn_reset_revc4b.fdd
num_keywords = 0
END #0

***** Generated by Handel -- DO NOT MODIFY *****
[default definitions]

START #0
alias = defaults_module1_0
peaking_time = 1.000000
mca_bin_width = 0.976562
number_mca_channels = 4096.000000
mca_low_limit = 0.000000
energy_threshold = 257.812500
adc_percent_rule = 5.000000
calibration_energy = 2000.000000
gap_time = 0.200000
trigger_peaking_time = 1.000000
trigger_gap_time = 0.000000
trigger_threshold = 1005.859375
enable_gate = 0.000000
enable_baseline_cut = 0.000000
reset_delay = 10.000000
decay_time = 50.000000
detector_polarity = 1.000000
preamp_gain = 1.700000
baseline_cut = 5.000000
baseline_filter_length = 128.000000
actual_gap_time = 0.200000
preset_type = 0.000000
preset_value = 0.000000
mca_start_address = 8192.000000
baseline_threshold = 253.515625
maxwidth = 1.000000
minimum_gap_time = 0.200000
number_of_scas = 16.000000
preset_standard = 0.000000
sca0_lo = 1.000000
sca0_hi = 2.000000
sca1_lo = 3.000000
sca1_hi = 4.000000
sca2_lo = 5.000000
sca2_hi = 6.000000
sca3_lo = 7.000000
sca3_hi = 8.000000
sca4_lo = 9.000000
sca4_hi = 10.000000
sca5_lo = 11.000000
sca5_hi = 12.000000
sca6_lo = 13.000000
sca6_hi = 14.000000
sca7_lo = 15.000000
sca7_hi = 16.000000
sca8_lo = 17.000000
sca8_hi = 18.000000
sca9_lo = 19.000000
sca9_hi = 20.000000
sca10_lo = 21.000000
sca10_hi = 22.000000
sca11_lo = 23.000000
sca11_hi = 24.000000
sca12_lo = 25.000000
sca12_hi = 26.000000
sca13_lo = 27.000000
sca13_hi = 28.000000
sca14_lo = 29.000000
sca14_hi = 30.000000
sca15_lo = 31.000000
sca15_hi = 32.000000
END #0

***** End of Generated Information *****

[module definitions]

START #0
alias = module1
module_type = dxpx10p
interface = usb2
device_number = 0
number_of_channels = 1
channel0_alias = 0
channel0_detector = detector1:0
firmware_set_chan0 = firmware1
default_chan0 = defaults_module1_0
END #0

